78 101 108 32 109 101 122 122 111 32 100 101 108 32 99 97 109 109 105 110 32 100 105 32 110 111 115 116 114 97 32 118 105 116 97 
109 105 32 114 105 116 114 111 118 97 105 32 112 101 114 32 117 110 97 32 115 101 108 118 97 32 111 115 99 117 114 97 44 
99 104 233 32 108 97 32 100 105 114 105 116 116 97 32 118 105 97 32 101 114 97 32 115 109 97 114 114 105 116 97 46 

65 104 105 32 113 117 97 110 116 111 32 97 32 100 105 114 32 113 117 97 108 32 101 114 97 32 232 32 99 111 115 97 32 100 117 114 97 
101 115 116 97 32 115 101 108 118 97 32 115 101 108 118 97 103 103 105 97 32 101 32 97 115 112 114 97 32 101 32 102 111 114 116 101 
99 104 101 32 110 101 108 32 112 101 110 115 105 101 114 32 114 105 110 111 118 97 32 108 97 32 112 97 117 114 97 33 

84 97 110 116 39 32 232 32 97 109 97 114 97 32 99 104 101 32 112 111 99 111 32 232 32 112 105 249 32 109 111 114 116 101 59 
109 97 32 112 101 114 32 116 114 97 116 116 97 114 32 100 101 108 32 98 101 110 32 99 104 39 105 39 32 118 105 32 116 114 111 118 97 105 44 
100 105 114 242 32 100 101 32 108 39 97 108 116 114 101 32 99 111 115 101 32 99 104 39 105 39 32 118 39 104 111 32 115 99 111 114 116 101 46 

73 111 32 110 111 110 32 115 111 32 98 101 110 32 114 105 100 105 114 32 99 111 109 39 32 105 39 32 118 39 105 110 116 114 97 105 44 
116 97 110 116 39 32 101 114 97 32 112 105 101 110 32 100 105 32 115 111 110 110 111 32 97 32 113 117 101 108 32 112 117 110 116 111 
99 104 101 32 108 97 32 118 101 114 97 99 101 32 118 105 97 32 97 98 98 97 110 100 111 110 97 105 46 

77 97 32 112 111 105 32 99 104 39 105 39 32 102 117 105 32 97 108 32 112 105 232 32 100 39 117 110 32 99 111 108 108 101 32 103 105 117 110 116 111 44 
108 224 32 100 111 118 101 32 116 101 114 109 105 110 97 118 97 32 113 117 101 108 108 97 32 118 97 108 108 101 
99 104 101 32 109 39 97 118 101 97 32 100 105 32 112 97 117 114 97 32 105 108 32 99 111 114 32 99 111 109 112 117 110 116 111 44 

103 117 97 114 100 97 105 32 105 110 32 97 108 116 111 32 101 32 118 105 100 105 32 108 101 32 115 117 101 32 115 112 97 108 108 101 
118 101 115 116 105 116 101 32 103 105 224 32 100 101 39 32 114 97 103 103 105 32 100 101 108 32 112 105 97 110 101 116 97 
99 104 101 32 109 101 110 97 32 100 114 105 116 116 111 32 97 108 116 114 117 105 32 112 101 114 32 111 103 110 101 32 99 97 108 108 101 46 

65 108 108 111 114 32 102 117 32 108 97 32 112 97 117 114 97 32 117 110 32 112 111 99 111 32 113 117 101 116 97 44 
99 104 101 32 110 101 108 32 108 97 103 111 32 100 101 108 32 99 111 114 32 109 39 101 114 97 32 100 117 114 97 116 97 
108 97 32 110 111 116 116 101 32 99 104 39 105 39 32 112 97 115 115 97 105 32 99 111 110 32 116 97 110 116 97 32 112 105 101 116 97 46 

69 32 99 111 109 101 32 113 117 101 105 32 99 104 101 32 99 111 110 32 108 101 110 97 32 97 102 102 97 110 110 97 116 97 44 
117 115 99 105 116 111 32 102 117 111 114 32 100 101 108 32 112 101 108 97 103 111 32 97 32 108 97 32 114 105 118 97 44 
115 105 32 118 111 108 103 101 32 97 32 108 39 97 99 113 117 97 32 112 101 114 105 103 108 105 111 115 97 32 101 32 103 117 97 116 97 44 

99 111 115 236 32 108 39 97 110 105 109 111 32 109 105 111 44 32 99 104 39 97 110 99 111 114 32 102 117 103 103 105 118 97 44 
115 105 32 118 111 108 115 101 32 97 32 114 101 116 114 111 32 97 32 114 105 109 105 114 97 114 32 108 111 32 112 97 115 115 111 
99 104 101 32 110 111 110 32 108 97 115 99 105 242 32 103 105 224 32 109 97 105 32 112 101 114 115 111 110 97 32 118 105 118 97 46 
