1 2 3 4 5 2 6 6 7 4 8 2 3 4 9 10 5 5 11 12 4 8 11 4 12 7 13 14 15 10 4 16 11 14 10 
5 11 4 15 11 14 15 7 16 10 11 4 17 2 15 4 18 12 10 4 13 2 3 16 10 4 7 13 9 18 15 10 19 
9 20 21 4 3 10 4 8 11 15 11 14 14 10 4 16 11 10 4 2 15 10 4 13 5 10 15 15 11 14 10 22 

23 20 11 4 24 18 10 12 14 7 4 10 4 8 11 15 4 24 18 10 3 4 2 15 10 4 25 4 9 7 13 10 4 8 18 15 10 
2 13 14 10 4 13 2 3 16 10 4 13 2 3 16 10 26 26 11 10 4 2 4 10 13 17 15 10 4 2 4 27 7 15 14 2 
9 20 2 4 12 2 3 4 17 2 12 13 11 2 15 4 15 11 12 7 16 10 4 3 10 4 17 10 18 15 10 28 

29 10 12 14 30 4 25 4 10 5 10 15 10 4 9 20 2 4 17 7 9 7 4 25 4 17 11 31 4 5 7 15 14 2 32 
5 10 4 17 2 15 4 14 15 10 14 14 10 15 4 8 2 3 4 33 2 12 4 9 20 30 11 30 4 16 11 4 14 15 7 16 10 11 19 
8 11 15 34 4 8 2 4 3 30 10 3 14 15 2 4 9 7 13 2 4 9 20 30 11 30 4 16 30 20 7 4 13 9 7 15 14 2 22 

35 7 4 12 7 12 4 13 7 4 33 2 12 4 15 11 8 11 15 4 9 7 5 30 4 11 30 4 16 30 11 12 14 15 10 11 19 
14 10 12 14 30 4 2 15 10 4 17 11 2 12 4 8 11 4 13 7 12 12 7 4 10 4 24 18 2 3 4 17 18 12 14 7 
9 20 2 4 3 10 4 16 2 15 10 9 2 4 16 11 10 4 10 33 33 10 12 8 7 12 10 11 22 

36 10 4 17 7 11 4 9 20 30 11 30 4 27 18 11 4 10 3 4 17 11 25 4 8 30 18 12 4 9 7 3 3 2 4 26 11 18 12 14 7 19 
3 37 4 8 7 16 2 4 14 2 15 5 11 12 10 16 10 4 24 18 2 3 3 10 4 16 10 3 3 2 
9 20 2 4 5 30 10 16 2 10 4 8 11 4 17 10 18 15 10 4 11 3 4 9 7 15 4 9 7 5 17 18 12 14 7 19 

26 18 10 15 8 10 11 4 11 12 4 10 3 14 7 4 2 4 16 11 8 11 4 3 2 4 13 18 2 4 13 17 10 3 3 2 
16 2 13 14 11 14 2 4 26 11 37 4 8 2 30 4 15 10 26 26 11 4 8 2 3 4 17 11 10 12 2 14 10 
9 20 2 4 5 2 12 10 4 8 15 11 14 14 7 4 10 3 14 15 18 11 4 17 2 15 4 7 26 12 2 4 9 10 3 3 2 22 

23 3 3 7 15 4 27 18 4 3 10 4 17 10 18 15 10 4 18 12 4 17 7 9 7 4 24 18 2 14 10 19 
9 20 2 4 12 2 3 4 3 10 26 7 4 8 2 3 4 9 7 15 4 5 30 2 15 10 4 8 18 15 10 14 10 
3 10 4 12 7 14 14 2 4 9 20 30 11 30 4 17 10 13 13 10 11 4 9 7 12 4 14 10 12 14 10 4 17 11 2 14 10 22 

38 4 9 7 5 2 4 24 18 2 11 4 9 20 2 4 9 7 12 4 3 2 12 10 4 10 27 27 10 12 12 10 14 10 19 
18 13 9 11 14 7 4 27 18 7 15 4 8 2 3 4 17 2 3 10 26 7 4 10 4 3 10 4 15 11 16 10 19 
13 11 4 16 7 3 26 2 4 10 4 3 30 10 9 24 18 10 4 17 2 15 11 26 3 11 7 13 10 4 2 4 26 18 10 14 10 19 

9 7 13 39 4 3 30 10 12 11 5 7 4 5 11 7 19 4 9 20 30 10 12 9 7 15 4 27 18 26 26 11 16 10 19 
13 11 4 16 7 3 13 2 4 10 4 15 2 14 15 7 4 10 4 15 11 5 11 15 10 15 4 3 7 4 17 10 13 13 7 
9 20 2 4 12 7 12 4 3 10 13 9 11 34 4 26 11 37 4 5 10 11 4 17 2 15 13 7 12 10 4 16 11 16 10 22 
